1 0.894271 0.819444 0.0229167 0.0388889
1 0.919792 0.900926 0.025 0.0425926
1 0.684635 0.840741 0.0161458 0.0240741
1 0.780729 0.825926 0.0177083 0.0277778
1 0.632292 0.739352 0.025 0.0435185
0 0.3964285714285714 0.31986143187066973 0.03441558441558441 0.03926096997690531
1 0.7133116883116883 0.8799076212471132 0.012337662337662338 0.020785219399538105
1 0.7431818181818182 0.8117782909930716 0.013636363636363636 0.020785219399538105
1 0.7753246753246753 0.8573903002309469 0.014285714285714285 0.021939953810623556
1 0.6467532467532467 0.785796766743649 0.00909090909090909 0.015011547344110854
1 0.6577922077922078 0.7984988452655889 0.012987012987012988 0.012702078521939953