1 0.895052 0.899537 0.0234375 0.0361111
1 0.72474 0.810648 0.0234375 0.0361111
1 0.86849 0.825926 0.0244792 0.0425926
1 0.6125 0.738426 0.0260417 0.0453704
1 0.672656 0.845833 0.0182292 0.0268519
0 0.3996753246753247 0.3071593533487298 0.02792207792207792 0.04387990762124711
1 0.6925324675324676 0.8816397228637414 0.013636363636363636 0.017321016166281754
1 0.7532467532467533 0.8625866050808314 0.011688311688311689 0.023094688221709007
1 0.7636363636363637 0.8308314087759815 0.01038961038961039 0.02424942263279446
1 0.6292207792207792 0.7909930715935335 0.006493506493506494 0.020785219399538105
1 0.6399350649350649 0.8031177829099307 0.007142857142857143 0.02424942263279446