1 0.688021 0.825926 0.0239583 0.0388889
1 0.453125 0.781018 0.0208333 0.0361111
1 0.547917 0.881481 0.0208333 0.0333333
1 0.459375 0.724074 0.0270833 0.0425926
1 0.617969 0.843518 0.0171875 0.0259259
1 0.720573 0.887037 0.0213542 0.0333333
1 0.5938311688311688 0.8371824480369515 0.00974025974025974 0.016166281755196306
1 0.6042207792207792 0.8770207852193995 0.016233766233766232 0.015011547344110854
1 0.5762987012987013 0.8966512702078522 0.01103896103896104 0.017321016166281754
1 0.519130410031133 0.804320003394662 0.006620900108267157 0.010670085119630957
1 0.5129233161796326 0.8175656263017899 0.00910373764886734 0.010670085119630825
0 0.3960752548396952 0.22585204582826945 0.032467532467532464 0.046189376443418015