1 0.70599 0.811574 0.0203125 0.0342593
1 0.576823 0.787963 0.0213542 0.0388889
1 0.84349 0.823148 0.0255208 0.0444444
1 0.871094 0.897685 0.0244792 0.0398148
1 0.741927 0.826389 0.0171875 0.0268519
1 0.591406 0.73287 0.0255208 0.0416667
1 0.732552 0.8625 0.0151042 0.0231481
1 0.6126623376623377 0.7892609699769053 0.00974025974025974 0.019630484988452657
1 0.6217532467532467 0.8071593533487298 0.00974025974025974 0.016166281755196306
1 0.660064935064935 0.8504618937644342 0.016233766233766232 0.019630484988452657
1 0.672077922077922 0.8799076212471132 0.016883116883116882 0.023094688221709007
0 0.3983766233766234 0.2909930715935335 0.03051948051948052 0.04387990762124711