1 0.799479 0.825463 0.0208333 0.0342593
1 0.706771 0.826852 0.0166667 0.0277778
1 0.675781 0.817593 0.0203125 0.0314815
1 0.54375 0.784722 0.021875 0.0361111
1 0.830208 0.897222 0.021875 0.0351852
1 0.555469 0.729167 0.0265625 0.0416667
1 0.696615 0.86713 0.0161458 0.025
0 0.39805194805194805 0.26270207852193994 0.02987012987012987 0.049653579676674366
1 0.6409090909090909 0.8660508083140878 0.011688311688311689 0.016166281755196306
1 0.637987012987013 0.8874133949191686 0.012337662337662338 0.02424942263279446
1 0.5873376623376624 0.7927251732101617 0.013636363636363636 0.021939953810623556
1 0.5905844155844155 0.8094688221709007 0.014935064935064935 0.006928406466512702