1 0.579427 0.824537 0.0234375 0.0361111
1 0.615365 0.888426 0.0192708 0.0287037
1 0.458073 0.875 0.0203125 0.0333333
1 0.528906 0.857407 0.0182292 0.0277778
1 0.361198 0.724074 0.0286458 0.0481481
1 0.35599 0.800926 0.0244792 0.0444444
1 0.430729 0.818981 0.0208333 0.0361111
1 0.496094 0.908333 0.0192708 0.0314815
1 0.5032467532467533 0.8446882217090069 0.011688311688311689 0.017321016166281754
1 0.44935064935064933 0.8117782909930716 0.014285714285714285 0.016166281755196306
0 0.40324675324675324 0.22401847575057737 0.033766233766233764 0.046189376443418015